NAME	GROUP	M00-09	M10-19	M20-29	M30-39	M40-49	M50-59	M60-69	M70_OVER	MTotal	F00-09	F10-19	F20-29	F30-39	F40-49	F50-59	F60-69	F70_OVER	Ftotal	T00-09	T10-19	T20-29	T30-39	T40-49	T50-59	T60-69	T70_OVER	Ttotal
1	HISP	1402	1022	1558	1458	959	516	203	120	7238	1386	990	1209	1137	670	450	195	158	6195	2788	2012	2767	2595	1629	966	398	278	13433
1	NHW	604	528	2513	2357	1841	1421	909	659	10832	582	771	2941	2058	1317	1228	938	951	10786	1186	1299	5454	4415	3158	2649	1847	1610	21618
1	NHB	936	912	1129	1156	1209	1012	493	192	7039	918	873	1274	1228	1203	1110	484	332	7422	1854	1785	2403	2384	2412	2122	977	524	14461
1	NHAM	6	4	14	9	8	11	8	3	63	5	5	21	11	14	12	5	6	79	11	9	35	20	22	23	13	9	142
1	NHAS	163	222	366	343	209	156	134	117	1710	153	199	403	369	204	180	158	147	1813	316	421	769	712	413	336	292	264	3523
1	NHOTHER	24	8	16	18	8	9	8	0	91	17	11	22	27	18	8	8	0	111	41	19	38	45	26	17	16	0	202
1	MULTI	183	108	142	127	76	69	30	25	760	180	101	203	120	68	64	49	28	813	363	209	345	247	144	133	79	53	1573
1	Total	3318	2804	5746	5470	4310	3198	1786	1120	27752	3241	2951	6077	4955	3495	3056	1838	1626	27239	6559	5755	11823	10425	7805	6254	3624	2746	54991
2	HISP	1492	1296	1439	1328	915	600	274	164	7508	1436	1200	1254	1209	876	622	342	254	7193	2928	2496	2693	2537	1791	1222	616	418	14701
2	NHW	1911	1415	1793	2127	2082	2224	1571	1622	14745	1864	1488	1873	2033	2068	2359	1783	2493	15961	3775	2903	3666	4160	4150	4583	3354	4115	30706
2	NHB	708	647	578	574	612	487	198	71	3875	663	633	603	648	678	524	244	147	4140	1371	1280	1181	1222	1290	1011	442	218	8015
2	NHAM	23	13	14	8	10	4	9	5	86	25	17	8	14	11	15	5	8	103	48	30	22	22	21	19	14	13	189
2	NHAS	1186	1021	1325	1210	1258	1090	687	457	8234	1136	964	1203	1208	1135	1094	667	543	7950	2322	1985	2528	2418	2393	2184	1354	1000	16184
2	NHOTHER	22	9	30	17	12	12	8	4	114	15	20	28	12	17	11	5	3	111	37	29	58	29	29	23	13	7	225
2	MULTI	209	187	157	130	106	100	38	31	958	234	171	126	132	96	99	53	50	961	443	358	283	262	202	199	91	81	1919
2	Total	5551	4588	5336	5395	4995	4517	2786	2354	35522	5373	4493	5095	5256	4881	4724	3099	3499	36420	10924	9081	10431	10651	9876	9241	5885	5853	71942
3	HISP	533	495	1014	995	688	443	225	140	4533	527	392	745	675	438	331	176	192	3476	1060	887	1759	1670	1126	774	401	332	8009
3	NHW	760	295	3727	4067	2747	1788	1043	909	15336	722	308	3894	3466	1614	1273	1057	1428	13762	1482	603	7621	7533	4361	3061	2100	2337	29098
3	NHB	703	641	747	827	1134	1162	436	186	5836	687	628	809	809	871	895	425	315	5439	1390	1269	1556	1636	2005	2057	861	501	11275
3	NHAM	3	8	8	20	25	22	7	12	105	5	7	9	14	13	20	8	10	86	8	15	17	34	38	42	15	22	191
3	NHAS	284	251	513	651	427	337	242	316	3021	279	218	560	598	374	377	371	616	3393	563	469	1073	1249	801	714	613	932	6414
3	NHOTHER	9	4	19	12	14	7	2	1	68	12	3	22	8	6	6	5	0	62	21	7	41	20	20	13	7	1	130
3	MULTI	115	54	127	155	67	50	19	19	606	101	62	172	103	73	49	33	36	629	216	116	299	258	140	99	52	55	1235
3	Total	2407	1748	6156	6729	5105	3810	1974	1583	29512	2333	1618	6212	5674	3390	2951	2075	2597	26850	4740	3366	12368	12403	8495	6761	4049	4180	56362
4	HISP	574	568	692	712	534	406	196	106	3788	612	513	669	618	516	419	248	179	3774	1186	1081	1361	1330	1050	825	444	285	7562
4	NHW	1196	527	2350	3344	1889	1304	814	685	12109	1141	480	2926	3409	1738	1314	838	961	12807	2337	1007	5276	6753	3627	2618	1652	1646	24916
4	NHB	71	98	134	164	139	121	67	23	817	74	66	129	102	107	112	44	37	671	145	164	263	266	246	233	111	60	1488
4	NHAM	3	7	8	4	3	5	2	0	32	6	4	5	9	4	5	6	1	40	9	11	13	13	7	10	8	1	72
4	NHAS	209	217	348	416	266	271	182	122	2031	199	204	390	482	333	348	237	175	2368	408	421	738	898	599	619	419	297	4399
4	NHOTHER	19	12	12	13	8	2	0	1	67	13	12	10	11	3	6	4	2	61	32	24	22	24	11	8	4	3	128
4	MULTI	123	40	106	88	51	27	18	6	459	128	50	96	84	45	27	16	12	458	251	90	202	172	96	54	34	18	917
4	Total	2196	1469	3650	4744	2891	2136	1279	944	19309	2174	1329	4227	4715	2747	2231	1394	1367	20184	4370	2798	7877	9459	5638	4367	2673	2311	39493
5	HISP	301	244	408	406	263	224	152	111	2109	319	277	377	359	260	265	177	187	2221	620	521	785	765	523	489	329	298	4330
5	NHW	1838	483	2466	3364	2013	951	596	379	12090	1728	463	3002	3413	1683	943	646	666	12544	3566	946	5468	6777	3696	1894	1242	1045	24634
5	NHB	30	40	67	79	66	57	34	10	383	40	40	52	67	54	47	29	26	355	70	80	119	146	120	104	63	36	738
5	NHAM	0	4	7	9	2	3	3	1	29	1	3	3	4	4	6	4	1	26	1	7	10	13	6	9	7	2	55
5	NHAS	65	28	108	182	76	65	56	52	632	74	28	139	224	96	100	85	71	817	139	56	247	406	172	165	141	123	1449
5	NHOTHER	6	2	8	4	1	3	1	1	26	4	1	5	6	4	3	2	0	25	10	3	13	10	5	6	3	1	51
5	MULTI	96	40	60	41	18	9	4	7	275	90	41	68	61	29	12	9	9	319	186	81	128	102	47	21	13	16	594
5	Total	2338	841	3130	4088	2441	1312	846	561	15557	2256	854	3647	4134	2131	1376	952	960	16310	4594	1695	6777	8222	4572	2688	1798	1521	31867
6	HISP	378	263	1041	961	531	310	192	162	3838	311	236	1040	713	335	246	222	257	3360	689	499	2081	1674	866	556	414	419	7198
6	NHW	2423	856	13981	9337	4920	2744	1998	1444	37703	2360	934	16859	7996	3358	2320	2146	2169	38142	4783	1790	30840	17333	8278	5064	4144	3613	75845
6	NHB	155	113	472	305	282	294	139	82	1842	146	117	418	230	259	289	196	154	1809	301	230	890	535	541	583	335	236	3651
6	NHAM	1	3	18	15	11	4	2	2	56	4	3	17	14	5	6	4	1	54	5	6	35	29	16	10	6	3	110
6	NHAS	171	39	869	908	257	118	125	124	2611	196	73	1065	877	249	171	197	214	3042	367	112	1934	1785	506	289	322	338	5653
6	NHOTHER	15	5	12	18	6	5	2	2	65	7	5	29	14	7	6	7	0	75	22	10	41	32	13	11	9	2	140
6	MULTI	206	57	266	145	89	49	27	14	853	192	63	326	155	64	19	30	25	874	398	120	592	300	153	68	57	39	1727
6	Total	3349	1336	16675	11697	6099	3526	2486	1832	47000	3217	1432	19758	10000	4280	3058	2803	2820	47368	6566	2768	36433	21697	10379	6584	5289	4652	94368
7	HISP	206	195	503	299	173	122	113	106	1717	161	244	571	309	167	139	117	146	1854	367	439	1074	608	340	261	230	252	3571
7	NHW	2032	1625	8504	5024	3035	2224	1784	1119	25347	2069	2006	10554	4801	2906	2232	1871	1352	27791	4101	3631	19058	9825	5941	4456	3655	2471	53138
7	NHB	97	180	263	154	164	176	149	116	1299	96	216	276	145	165	191	173	192	1454	193	396	539	299	329	367	322	308	2753
7	NHAM	4	3	5	6	4	2	2	3	29	1	1	6	5	5	1	2	4	25	5	4	11	11	9	3	4	7	54
7	NHAS	112	96	513	380	159	65	70	40	1435	143	118	600	489	222	107	100	82	1861	255	214	1113	869	381	172	170	122	3296
7	NHOTHER	10	8	11	6	7	4	1	0	47	12	10	27	6	9	3	2	0	69	22	18	38	12	16	7	3	0	116
7	MULTI	171	71	163	74	35	13	5	9	541	153	92	204	98	30	27	11	15	630	324	163	367	172	65	40	16	24	1171
7	Total	2632	2180	9970	5943	3579	2607	2125	1394	30430	2635	2688	12238	5854	3504	2700	2276	1791	33686	5267	4868	22208	11797	7083	5307	4401	3185	64116
8	HISP	150	62	547	513	293	166	91	70	1892	169	97	651	483	244	207	128	103	2082	319	159	1198	996	537	373	219	173	3974
8	NHW	1017	627	7402	5516	3335	3287	3340	2743	27267	1005	685	9344	5290	3369	3827	3959	3287	30766	2022	1312	16746	10806	6704	7114	7299	6030	58033
8	NHB	549	534	526	456	462	566	385	270	3748	508	571	889	601	650	748	489	528	4984	1057	1105	1415	1057	1112	1314	874	798	8732
8	NHAM	3	1	9	5	13	4	3	2	40	1	5	7	9	11	4	1	1	39	4	6	16	14	24	8	4	3	79
8	NHAS	185	56	1435	1341	305	136	134	100	3692	209	68	1846	1362	410	214	212	127	4448	394	124	3281	2703	715	350	346	227	8140
8	NHOTHER	11	3	34	19	8	4	2	0	81	14	5	24	19	7	5	6	2	82	25	8	58	38	15	9	8	2	163
8	MULTI	116	29	204	127	57	31	21	22	607	114	48	271	133	73	39	27	26	731	230	77	475	260	130	70	48	48	1338
8	Total	2031	1312	10159	7982	4475	4195	3976	3207	37337	2020	1479	13036	7900	4768	5047	4823	4074	43147	4051	2791	23195	15882	9243	9242	8799	7281	80484
9	HISP	80	81	54	49	66	51	18	9	408	75	74	70	67	81	45	31	21	464	155	155	124	116	147	96	49	30	872
9	NHW	578	487	541	610	808	763	445	518	4750	556	485	530	668	797	777	497	825	5135	1134	972	1071	1278	1605	1540	942	1343	9885
9	NHB	0	1	0	2	1	2	2	0	8	2	5	5	4	3	1	1	0	21	2	6	5	6	4	3	3	0	29
9	NHAM	0	0	0	0	2	0	0	0	2	0	0	0	0	0	1	0	0	1	0	0	0	0	2	1	0	0	3
9	NHAS	13	17	12	31	16	12	14	10	125	14	14	13	29	22	22	17	13	144	27	31	25	60	38	34	31	23	269
9	NHOTHER	0	0	1	0	1	0	0	0	2	4	0	0	1	1	0	0	0	6	4	0	1	1	2	0	0	0	8
9	MULTI	31	12	7	11	6	5	0	0	72	21	6	6	7	3	3	1	1	48	52	18	13	18	9	8	1	1	120
9	Total	702	598	615	703	900	833	479	537	5367	672	584	624	776	908	849	547	860	5820	1374	1182	1239	1479	1808	1682	1026	1397	11187
10	HISP	423	373	322	331	283	223	117	83	2155	409	406	285	375	301	242	142	127	2287	832	779	607	706	584	465	259	210	4442
10	NHW	1513	1503	1396	1742	2339	2376	1581	1811	14261	1503	1375	1318	1861	2243	2465	1696	3435	15896	3016	2878	2714	3603	4582	4841	3277	5246	30157
10	NHB	12	11	8	17	21	10	0	1	80	17	12	14	11	16	7	1	6	84	29	23	22	28	37	17	1	7	164
10	NHAM	5	3	3	3	4	2	0	1	21	5	7	3	9	2	4	2	1	33	10	10	6	12	6	6	2	2	54
10	NHAS	107	73	85	117	121	104	89	54	750	102	95	105	146	148	150	103	97	946	209	168	190	263	269	254	192	151	1696
10	NHOTHER	5	0	1	0	3	2	1	1	13	7	2	5	3	6	1	0	1	25	12	2	6	3	9	3	1	2	38
10	MULTI	82	64	19	25	28	15	6	3	242	75	48	22	32	23	12	9	8	229	157	112	41	57	51	27	15	11	471
10	Total	2147	2027	1834	2235	2799	2732	1794	1954	17522	2118	1945	1752	2437	2739	2882	1953	3675	19501	4265	3972	3586	4672	5538	5614	3747	5629	37023
11	HISP	434	437	370	370	349	239	119	72	2390	438	435	380	404	386	247	154	93	2537	872	872	750	774	735	486	273	165	4927
11	NHW	784	801	980	1271	1426	1417	898	861	8438	812	733	1010	1214	1293	1443	1047	1485	9037	1596	1534	1990	2485	2719	2860	1945	2346	17475
11	NHB	22	16	18	31	26	11	8	2	134	14	11	27	25	25	19	9	1	131	36	27	45	56	51	30	17	3	265
11	NHAM	4	5	5	5	8	7	0	1	35	4	7	6	4	2	7	4	2	36	8	12	11	9	10	14	4	3	71
11	NHAS	168	113	155	209	149	112	107	56	1069	133	121	187	222	158	145	136	85	1187	301	234	342	431	307	257	243	141	2256
11	NHOTHER	2	0	5	3	2	1	1	1	15	1	3	1	3	4	1	2	2	17	3	3	6	6	6	2	3	3	32
11	MULTI	63	45	26	16	21	14	14	8	207	68	32	22	33	20	11	12	6	204	131	77	48	49	41	25	26	14	411
11	Total	1477	1417	1561	1905	1981	1803	1148	1001	12293	1471	1342	1635	1906	1888	1874	1365	1674	13155	2948	2759	3196	3811	3869	3677	2513	2675	25448
12	HISP	193	187	136	126	171	126	51	47	1037	200	173	122	135	182	144	74	59	1089	393	360	258	261	353	270	125	106	2126
12	NHW	894	819	464	667	1155	1101	805	778	6683	863	755	463	741	1156	1174	863	1117	7132	1757	1574	927	1408	2311	2275	1668	1895	13815
12	NHB	12	11	8	9	12	7	2	2	63	14	13	6	15	13	7	6	0	74	26	24	14	24	25	14	8	2	137
12	NHAM	1	1	1	2	2	0	1	2	10	0	3	0	2	1	3	2	1	12	1	4	1	4	3	3	3	3	22
12	NHAS	124	114	106	136	145	117	120	75	937	115	106	105	161	163	166	137	99	1052	239	220	211	297	308	283	257	174	1989
12	NHOTHER	3	1	0	0	0	0	1	1	6	1	0	1	1	5	0	0	0	8	4	1	1	1	5	0	1	1	14
12	MULTI	75	44	15	18	24	11	6	4	197	73	55	21	18	24	6	6	3	206	148	99	36	36	48	17	12	7	403
12	Total	1302	1177	730	958	1509	1362	987	909	8934	1266	1105	718	1073	1544	1500	1089	1279	9574	2568	2282	1448	2031	3053	2862	2076	2188	18508
13	HISP	282	266	286	262	191	143	91	69	1590	255	256	286	249	208	167	109	104	1634	537	522	572	511	399	310	200	173	3224
13	NHW	432	585	571	462	549	576	453	594	4222	416	451	607	448	544	608	548	1003	4625	848	1036	1178	910	1093	1184	1001	1597	8847
13	NHB	44	40	45	28	49	41	14	8	269	47	45	52	43	55	38	16	8	304	91	85	97	71	104	79	30	16	573
13	NHAM	1	0	3	2	3	3	2	1	15	6	0	9	4	3	2	2	1	27	7	0	12	6	6	5	4	2	42
13	NHAS	242	304	304	328	286	277	234	245	2220	251	260	322	326	297	303	308	313	2380	493	564	626	654	583	580	542	558	4600
13	NHOTHER	6	8	5	2	7	1	0	3	32	9	8	4	8	4	1	0	3	37	15	16	9	10	11	2	0	6	69
13	MULTI	63	51	45	33	29	25	23	25	294	48	51	32	34	29	17	15	39	265	111	102	77	67	58	42	38	64	559
13	Total	1070	1255	1260	1118	1114	1067	819	946	8649	1033	1071	1315	1113	1141	1138	999	1472	9282	2103	2326	2575	2231	2255	2205	1818	2418	17931
14	HISP	2527	2129	2898	2580	1694	1038	487	260	13613	2446	1975	2240	2089	1369	936	451	368	11874	4973	4104	5138	4669	3063	1974	938	628	25487
14	NHW	766	611	1405	1504	1165	952	582	467	7452	734	606	1514	1468	1028	910	601	741	7602	1500	1217	2919	2972	2193	1862	1183	1208	15054
14	NHB	166	185	231	191	126	98	40	20	1057	158	163	207	178	121	124	36	32	1019	324	348	438	369	247	222	76	52	2076
14	NHAM	13	7	12	9	9	12	0	2	64	10	8	8	6	9	8	5	1	55	23	15	20	15	18	20	5	3	119
14	NHAS	384	393	597	510	531	482	364	272	3533	360	337	582	560	534	578	464	482	3897	744	730	1179	1070	1065	1060	828	754	7430
14	NHOTHER	26	19	14	12	7	6	5	0	89	9	14	8	12	14	10	2	1	70	35	33	22	24	21	16	7	1	159
14	MULTI	141	83	88	104	59	52	37	22	586	152	93	125	80	50	48	34	27	609	293	176	213	184	109	100	71	49	1195
14	Total	4025	3432	5245	4912	3593	2641	1516	1043	26407	3869	3200	4684	4396	3127	2614	1593	1652	25135	7894	6632	9929	9308	6720	5255	3109	2695	51542
15	HISP	2303	2212	2218	2058	1640	1123	494	274	12322	2397	2122	2119	1982	1635	1251	617	416	12539	4700	4334	4337	4040	3275	2374	1111	690	24861
15	NHW	1492	1565	2196	2440	2702	3041	1889	1420	16745	1409	1409	2217	2271	2561	3134	2054	2529	17584	2901	2974	4413	4711	5263	6175	3943	3949	34329
15	NHB	53	66	66	90	68	52	12	5	412	46	61	74	103	76	61	18	5	444	99	127	140	193	144	113	30	10	856
15	NHAM	6	11	5	7	9	11	5	1	55	7	9	5	11	4	8	5	3	52	13	20	10	18	13	19	10	4	107
15	NHAS	172	129	210	235	185	182	137	76	1326	173	118	258	302	207	249	204	135	1646	345	247	468	537	392	431	341	211	2972
15	NHOTHER	17	4	14	9	4	4	2	0	54	12	7	15	12	8	4	2	1	61	29	11	29	21	12	8	4	1	115
15	MULTI	129	82	53	64	33	25	15	14	415	132	74	64	64	40	40	17	17	448	261	156	117	128	73	65	32	31	863
15	Total	4176	4071	4762	4903	4642	4439	2554	1790	31337	4178	3802	4753	4747	4534	4749	2918	3106	32787	8354	7873	9515	9650	9176	9188	5472	4896	64124
16	HISP	2120	2086	2225	2219	1706	1086	550	338	12330	2208	1936	2019	2019	1569	1152	643	456	12002	4328	4022	4244	4238	3275	2238	1193	794	24332
16	NHW	1077	687	1655	2261	1985	1664	943	704	10976	1083	702	1748	2071	1744	1621	1112	1177	11258	2160	1389	3403	4332	3729	3285	2055	1881	22234
16	NHB	91	128	214	220	155	99	43	20	970	77	122	141	129	135	101	30	31	766	168	250	355	349	290	200	73	51	1736
16	NHAM	6	8	16	11	10	9	4	2	66	6	8	7	7	13	13	4	0	58	12	16	23	18	23	22	8	2	124
16	NHAS	154	157	301	328	228	245	197	124	1734	148	137	341	370	267	310	248	181	2002	302	294	642	698	495	555	445	305	3736
16	NHOTHER	11	10	9	14	12	5	1	2	64	8	7	15	17	12	4	1	3	67	19	17	24	31	24	9	2	5	131
16	MULTI	155	81	91	78	47	37	32	10	531	137	75	102	95	51	39	13	17	529	292	156	193	173	98	76	45	27	1060
16	Total	3614	3157	4512	5132	4143	3145	1770	1201	26674	3668	2987	4373	4710	3791	3240	2051	1865	26685	7282	6144	8885	9842	7934	6385	3821	3066	53359
17	HISP	865	862	810	803	683	503	237	152	4915	870	857	790	801	695	503	320	246	5082	1735	1719	1600	1604	1378	1006	557	398	9997
17	NHW	1396	1407	1898	1975	2138	2533	1588	1502	14437	1199	1329	1748	1847	2088	2605	1760	2499	15075	2595	2736	3646	3822	4226	5138	3348	4001	29512
17	NHB	19	19	27	35	31	28	7	5	171	14	24	20	22	25	21	8	3	137	33	43	47	57	56	49	15	8	308
17	NHAM	4	1	7	5	1	4	1	0	23	0	0	1	2	8	5	0	1	17	4	1	8	7	9	9	1	1	40
17	NHAS	85	67	96	120	101	91	103	49	712	77	76	103	144	115	136	132	92	875	162	143	199	264	216	227	235	141	1587
17	NHOTHER	4	6	2	4	2	5	0	0	23	5	5	1	6	4	4	0	0	25	9	11	3	10	6	9	0	0	48
17	MULTI	65	40	33	22	15	24	14	6	219	61	46	28	22	22	14	13	9	215	126	86	61	44	37	38	27	15	434
17	Total	2438	2402	2874	2964	2971	3188	1952	1715	20504	2226	2337	2692	2844	2957	3289	2233	2850	21428	4664	4739	5566	5808	5928	6477	4185	4565	41932
18	HISP	701	654	566	621	502	315	173	95	3627	681	607	558	605	450	359	219	142	3621	1382	1261	1124	1226	952	674	392	237	7248
18	NHW	209	191	313	317	322	474	296	328	2450	168	163	309	289	311	486	346	519	2591	377	354	622	606	633	960	642	847	5041
18	NHB	33	32	32	26	36	31	28	31	249	29	33	40	30	32	50	68	67	349	62	65	72	56	68	81	96	98	598
18	NHAM	1	0	6	3	2	1	0	0	13	2	0	1	0	2	1	2	0	8	3	0	7	3	4	2	2	0	21
18	NHAS	23	29	32	15	26	23	23	12	183	14	25	23	30	35	27	24	16	194	37	54	55	45	61	50	47	28	377
18	NHOTHER	4	4	1	1	1	1	0	0	12	2	4	5	3	1	2	0	0	17	6	8	6	4	2	3	0	0	29
18	MULTI	12	11	8	9	4	7	3	4	58	5	9	11	6	8	8	3	4	54	17	20	19	15	12	15	6	8	112
18	Total	983	921	958	992	893	852	523	470	6592	901	841	947	963	839	933	662	748	6834	1884	1762	1905	1955	1732	1785	1185	1218	13426
19	HISP	6024	5805	5679	5327	4112	2741	1292	638	31618	5785	5600	4980	5028	3907	2779	1482	922	30483	11809	11405	10659	10355	8019	5520	2774	1560	62101
19	NHW	377	364	772	732	807	1132	916	722	5822	362	360	747	624	767	1201	878	1198	6137	739	724	1519	1356	1574	2333	1794	1920	11959
19	NHB	170	205	182	162	158	153	82	39	1151	176	203	201	185	213	189	92	83	1342	346	408	383	347	371	342	174	122	2493
19	NHAM	6	5	4	5	6	4	0	0	30	12	5	6	5	10	2	3	1	44	18	10	10	10	16	6	3	1	74
19	NHAS	69	75	113	107	91	106	98	45	704	79	80	111	113	108	134	130	78	833	148	155	224	220	199	240	228	123	1537
19	NHOTHER	16	22	11	13	6	3	0	2	73	16	20	19	7	7	4	1	4	78	32	42	30	20	13	7	1	6	151
19	MULTI	37	37	35	31	20	21	17	7	205	39	46	37	26	18	24	14	11	215	76	83	72	57	38	45	31	18	420
19	Total	6700	6514	6797	6378	5202	4160	2405	1453	39609	6469	6315	6102	5988	5030	4333	2600	2297	39134	13169	12829	12899	12366	10232	8493	5005	3750	78743
20	HISP	2027	1936	1900	1796	1430	1101	553	285	11028	1972	1903	1849	1684	1360	1104	600	360	10832	3999	3839	3749	3480	2790	2205	1153	645	21860
20	NHW	63	46	122	134	171	176	106	102	920	64	60	144	117	132	157	112	207	993	127	106	266	251	303	333	218	309	1913
20	NHB	57	60	72	67	52	54	9	5	376	49	58	84	59	57	48	14	12	381	106	118	156	126	109	102	23	17	757
20	NHAM	0	0	1	0	0	2	3	1	7	0	1	0	2	1	5	0	0	9	0	1	1	2	1	7	3	1	16
20	NHAS	9	9	21	26	15	20	25	15	140	12	12	19	20	14	26	31	20	154	21	21	40	46	29	46	56	35	294
20	NHOTHER	8	1	3	4	3	1	0	0	20	5	1	5	4	1	1	0	0	17	13	2	8	8	4	2	0	0	37
20	MULTI	22	13	9	8	12	6	3	2	75	12	16	8	11	4	2	3	1	57	34	29	17	19	16	8	6	3	132
20	Total	2186	2065	2128	2035	1683	1360	699	410	12566	2114	2051	2109	1897	1569	1344	760	600	12444	4300	4116	4237	3932	3252	2704	1459	1010	25010
21	HISP	2398	2128	2515	2339	1727	1135	531	313	13086	2308	2024	2172	1998	1545	1071	665	426	12209	4706	4152	4687	4337	3272	2206	1196	739	25295
21	NHW	364	229	1294	1251	829	760	515	387	5629	372	229	1151	1060	619	774	630	702	5537	736	458	2445	2311	1448	1534	1145	1089	11166
21	NHB	61	82	134	101	89	46	10	7	530	64	63	105	84	68	46	17	14	461	125	145	239	185	157	92	27	21	991
21	NHAM	3	8	9	8	4	2	4	0	38	3	3	3	5	6	4	3	4	31	6	11	12	13	10	6	7	4	69
21	NHAS	35	35	136	153	62	83	48	28	580	47	48	102	145	73	73	75	51	614	82	83	238	298	135	156	123	79	1194
21	NHOTHER	5	7	11	7	4	4	1	0	39	10	3	16	6	7	3	2	2	49	15	10	27	13	11	7	3	2	88
21	MULTI	61	23	49	41	21	9	3	5	212	67	29	57	37	26	10	12	4	242	128	52	106	78	47	19	15	9	454
21	Total	2927	2513	4149	3900	2738	2040	1112	740	20119	2871	2399	3606	3335	2344	1981	1404	1203	19143	5798	4912	7755	7235	5082	4021	2516	1943	39262
22	HISP	3184	2996	3439	3204	2397	1870	1041	756	18887	2975	2919	3132	2888	2322	1914	1252	1051	18453	6159	5915	6571	6092	4719	3784	2293	1807	37340
22	NHW	1167	361	4746	4731	1961	1021	604	338	14929	1182	363	5045	4170	1486	936	559	505	14246	2349	724	9791	8901	3447	1957	1163	843	29175
22	NHB	262	298	368	392	293	195	87	30	1925	286	295	411	345	285	233	91	42	1988	548	593	779	737	578	428	178	72	3913
22	NHAM	8	5	19	17	8	4	2	2	65	4	5	12	4	13	3	4	1	46	12	10	31	21	21	7	6	3	111
22	NHAS	66	12	254	331	102	39	37	40	881	74	21	319	380	79	56	44	50	1023	140	33	573	711	181	95	81	90	1904
22	NHOTHER	14	8	24	19	7	8	3	0	83	13	11	21	24	4	6	4	3	86	27	19	45	43	11	14	7	3	169
22	MULTI	107	37	129	93	35	17	14	6	438	106	42	174	115	42	19	13	5	516	213	79	303	208	77	36	27	11	954
22	Total	4809	3717	8983	8790	4806	3155	1788	1172	37220	4642	3657	9121	7928	4235	3167	1968	1657	36375	9451	7374	18104	16718	9041	6322	3756	2829	73595
23	HISP	2797	2695	2559	2354	1892	1485	833	436	15051	2716	2764	2455	2351	1860	1459	850	540	14995	5513	5459	5014	4705	3752	2944	1683	976	30046
23	NHW	89	40	274	310	195	175	107	79	1269	88	37	306	269	188	154	75	116	1233	177	77	580	579	383	329	182	195	2502
23	NHB	1897	2124	1621	1195	1218	1276	797	514	10642	1849	1992	1981	1562	1541	1581	1012	870	12388	3746	4116	3602	2757	2759	2857	1809	1384	23030
23	NHAM	4	6	5	1	6	3	2	1	28	1	1	7	7	4	5	1	2	28	5	7	12	8	10	8	3	3	56
23	NHAS	3	6	13	24	9	13	11	7	86	6	5	29	33	18	15	16	14	136	9	11	42	57	27	28	27	21	222
23	NHOTHER	5	3	7	2	3	2	5	2	29	7	10	5	4	2	2	2	2	34	12	13	12	6	5	4	7	4	63
23	MULTI	41	34	16	23	18	12	9	5	158	42	43	31	41	27	21	11	5	221	83	77	47	64	45	33	20	10	379
23	Total	4836	4911	4500	3910	3342	2966	1764	1044	27273	4712	4858	4815	4267	3643	3239	1967	1549	29050	9548	9769	9315	8177	6985	6205	3731	2593	56323
24	HISP	1780	1730	2271	2115	1505	1282	782	694	12159	1630	1697	2182	1900	1396	1182	838	872	11697	3410	3427	4453	4015	2901	2464	1620	1566	23856
24	NHW	1662	489	7615	8185	3011	1713	908	587	24170	1585	514	8091	6754	2140	1365	813	958	22220	3247	1003	15706	14939	5151	3078	1721	1545	46390
24	NHB	469	466	497	505	442	375	185	121	3060	434	543	593	499	507	359	205	191	3331	903	1009	1090	1004	949	734	390	312	6391
24	NHAM	2	2	15	18	7	10	4	5	63	8	9	12	13	8	3	2	3	58	10	11	27	31	15	13	6	8	121
24	NHAS	99	28	418	617	117	57	37	26	1399	92	35	573	659	116	59	57	40	1631	191	63	991	1276	233	116	94	66	3030
24	NHOTHER	12	6	28	20	2	2	1	3	74	15	6	30	19	9	2	2	2	85	27	12	58	39	11	4	3	5	159
24	MULTI	190	43	177	200	49	29	7	6	701	194	52	260	147	52	26	14	11	756	384	95	437	347	101	55	21	17	1457
24	Total	4214	2765	11027	11665	5136	3469	1924	1443	41643	3959	2857	11746	9995	4228	2996	1931	2077	39789	8173	5622	22773	21660	9364	6465	3855	3520	81432
25	HISP	911	755	753	741	557	363	175	109	4364	906	796	702	722	551	366	187	128	4358	1817	1551	1455	1463	1108	729	362	237	8722
25	NHW	195	152	204	297	328	432	275	213	2096	172	151	209	280	334	438	299	385	2268	367	303	413	577	662	870	574	598	4364
25	NHB	5935	7044	5285	4462	4788	4999	3332	2171	38016	5734	7081	6511	5573	5997	6687	4451	3787	45821	11669	14125	11796	10035	10785	11686	7783	5958	83837
25	NHAM	11	5	11	7	9	6	7	2	58	16	13	20	14	12	18	5	5	103	27	18	31	21	21	24	12	7	161
25	NHAS	20	18	36	62	41	41	28	24	270	19	23	48	52	48	41	47	25	303	39	41	84	114	89	82	75	49	573
25	NHOTHER	8	8	3	7	0	2	3	0	31	5	1	7	6	6	3	1	1	30	13	9	10	13	6	5	4	1	61
25	MULTI	106	67	46	36	38	19	13	20	345	114	65	65	52	48	37	28	29	438	220	132	111	88	86	56	41	49	783
25	Total	7187	8049	6338	5615	5764	5863	3834	2539	45189	6966	8130	7562	6700	6997	7591	5019	4360	53325	14153	16179	13900	12315	12761	13454	8853	6899	98514
26	HISP	59	40	23	25	15	7	8	1	178	52	22	35	27	11	15	6	2	170	111	62	58	52	26	22	14	3	348
26	NHW	12	4	16	15	12	11	8	2	80	6	3	9	13	10	3	6	3	53	18	7	25	28	22	14	14	5	133
26	NHB	1298	1711	1140	872	973	1023	486	465	7968	1330	1679	1309	1141	1233	1168	668	819	9347	2628	3390	2449	2013	2206	2191	1154	1284	17315
26	NHAM	0	1	1	1	1	3	0	1	8	0	1	2	2	2	3	0	4	14	0	2	3	3	3	6	0	5	22
26	NHAS	0	0	2	1	0	0	0	0	3	1	1	0	2	0	0	1	0	5	1	1	2	3	0	0	1	0	8
26	NHOTHER	0	0	0	1	0	1	0	0	2	0	3	0	1	2	1	0	1	8	0	3	0	2	2	2	0	1	10
26	MULTI	18	16	5	6	10	5	1	2	63	20	25	13	10	17	10	2	4	101	38	41	18	16	27	15	3	6	164
26	Total	1387	1772	1187	921	1011	1050	503	471	8302	1409	1734	1368	1196	1276	1200	683	833	9699	2796	3506	2555	2117	2287	2250	1186	1304	18001
27	HISP	90	68	73	119	52	25	14	9	450	90	61	71	93	47	23	8	7	400	180	129	144	212	99	48	22	16	850
27	NHW	30	13	81	131	74	34	22	16	401	33	12	54	93	41	24	12	28	297	63	25	135	224	115	58	34	44	698
27	NHB	1395	1816	1211	1027	1071	1039	576	405	8540	1461	1711	1476	1406	1314	1286	726	776	10156	2856	3527	2687	2433	2385	2325	1302	1181	18696
27	NHAM	2	1	0	0	0	2	4	0	9	2	3	4	1	2	1	2	0	15	4	4	4	1	2	3	6	0	24
27	NHAS	3	1	14	12	4	2	1	1	38	3	1	15	14	6	4	2	0	45	6	2	29	26	10	6	3	1	83
27	NHOTHER	2	0	3	2	0	0	0	0	7	1	3	5	1	0	1	1	0	12	3	3	8	3	0	1	1	0	19
27	MULTI	24	13	20	13	8	9	2	1	90	32	13	14	10	13	12	3	9	106	56	26	34	23	21	21	5	10	196
27	Total	1546	1912	1402	1304	1209	1111	619	432	9535	1622	1804	1639	1619	1423	1351	754	820	11032	3168	3716	3041	2923	2632	2462	1373	1252	20567
28	HISP	299	318	620	640	313	186	113	51	2540	289	276	654	577	279	210	105	118	2508	588	594	1274	1217	592	396	218	169	5048
28	NHW	627	428	4024	3690	1453	972	619	226	12039	583	517	4149	3016	1093	858	510	277	11003	1210	945	8173	6706	2546	1830	1129	503	23042
28	NHB	1124	1505	1082	1008	925	918	673	567	7802	1056	1468	1500	1394	1202	1121	811	949	9501	2180	2973	2582	2402	2127	2039	1484	1516	17303
28	NHAM	5	2	15	7	4	2	1	0	36	2	2	20	9	6	1	6	2	48	7	4	35	16	10	3	7	2	84
28	NHAS	247	204	1838	1214	221	82	59	47	3912	245	216	1985	1096	255	126	109	78	4110	492	420	3823	2310	476	208	168	125	8022
28	NHOTHER	8	3	34	14	5	2	0	2	68	11	13	21	14	9	3	2	1	74	19	16	55	28	14	5	2	3	142
28	MULTI	116	66	172	115	45	27	11	10	562	146	78	229	112	38	17	15	15	650	262	144	401	227	83	44	26	25	1212
28	Total	2426	2527	7791	6691	2967	2190	1478	904	26974	2332	2572	8563	6221	2882	2338	1559	1440	27907	4758	5099	16354	12912	5849	4528	3037	2344	54881
29	HISP	239	186	187	209	147	102	49	21	1140	215	168	149	179	122	87	42	42	1004	454	354	336	388	269	189	91	63	2144
29	NHW	17	17	45	65	49	36	21	7	257	24	11	63	44	28	29	22	14	235	41	28	108	109	77	65	43	21	492
29	NHB	2866	3214	2229	1596	1685	1683	842	807	14922	2696	3230	2646	2390	2251	2141	1189	1370	17913	5562	6444	4875	3986	3936	3824	2031	2177	32835
29	NHAM	7	7	2	5	7	2	2	1	33	3	7	10	3	6	6	2	8	45	10	14	12	8	13	8	4	9	78
29	NHAS	7	1	10	11	8	3	1	1	42	1	3	9	6	4	2	6	1	32	8	4	19	17	12	5	7	2	74
29	NHOTHER	2	5	3	0	0	0	1	0	11	1	2	5	1	0	2	1	0	12	3	7	8	1	0	2	2	0	23
29	MULTI	28	31	9	9	7	13	9	6	112	19	40	30	23	12	14	5	10	153	47	71	39	32	19	27	14	16	265
29	Total	3166	3461	2485	1895	1903	1839	925	843	16517	2959	3462	2912	2646	2423	2281	1267	1445	19395	6125	6923	5397	4541	4326	4120	2192	2288	35912
30	HISP	6705	5859	6649	6005	4292	2981	1589	917	34997	6510	5488	5013	4843	3503	2565	1474	1064	30460	13215	11347	11662	10848	7795	5546	3063	1981	65457
30	NHW	68	132	583	471	345	237	119	98	2053	63	56	247	158	107	125	92	155	1003	131	188	830	629	452	362	211	253	3056
30	NHB	248	983	2642	1600	1481	826	208	147	8135	259	266	445	405	332	233	157	142	2239	507	1249	3087	2005	1813	1059	365	289	10374
30	NHAM	8	2	6	1	3	3	3	3	29	3	5	5	7	2	3	4	5	34	11	7	11	8	5	6	7	8	63
30	NHAS	7	2	14	11	15	7	2	1	59	2	4	14	9	11	4	4	6	54	9	6	28	20	26	11	6	7	113
30	NHOTHER	17	3	6	13	2	4	1	0	46	14	4	12	7	6	6	1	1	51	31	7	18	20	8	10	2	1	97
30	MULTI	13	7	27	9	4	9	5	1	75	5	6	12	5	13	3	2	5	51	18	13	39	14	17	12	7	6	126
30	Total	7066	6988	9928	8110	6142	4067	1927	1167	45395	6856	5829	5748	5434	3975	2939	1734	1378	33893	13922	12817	15676	13544	10117	7006	3661	2545	79288
31	HISP	2633	2570	2842	2637	1978	1458	799	557	15474	2510	2383	2405	2264	1673	1293	786	698	14012	5143	4953	5247	4901	3651	2751	1585	1255	29486
31	NHW	55	67	937	543	253	219	158	143	2375	82	56	873	392	199	187	114	169	2072	137	123	1810	935	452	406	272	312	4447
31	NHB	61	61	136	116	81	57	52	29	593	59	64	148	89	56	45	31	23	515	120	125	284	205	137	102	83	52	1108
31	NHAM	2	2	2	7	3	3	2	0	21	2	2	4	5	7	4	3	2	29	4	4	6	12	10	7	5	2	50
31	NHAS	7	13	94	53	19	10	3	4	203	5	5	56	60	19	9	7	7	168	12	18	150	113	38	19	10	11	371
31	NHOTHER	3	2	13	3	1	1	1	1	25	0	1	4	5	3	2	2	1	18	3	3	17	8	4	3	3	2	43
31	MULTI	18	17	40	33	10	8	7	2	135	18	19	54	18	11	5	0	2	127	36	36	94	51	21	13	7	4	262
31	Total	2779	2733	4064	3392	2345	1756	1022	736	18827	2676	2530	3544	2833	1969	1545	943	902	16942	5455	5263	7608	6225	4314	3301	1965	1638	35769
32	HISP	69	102	361	296	144	58	37	13	1080	61	134	349	175	94	61	37	19	930	130	236	710	471	238	119	74	32	2010
32	NHW	277	781	3110	1708	1040	977	834	419	9146	305	1115	3153	1402	880	999	849	510	9213	582	1896	6263	3110	1920	1976	1683	929	18359
32	NHB	43	188	404	303	252	218	140	95	1643	47	293	387	222	219	218	155	177	1718	90	481	791	525	471	436	295	272	3361
32	NHAM	1	5	7	1	1	3	1	4	23	0	7	11	1	2	2	0	0	23	1	12	18	2	3	5	1	4	46
32	NHAS	98	83	922	664	139	97	94	80	2177	123	143	1106	574	162	139	137	97	2481	221	226	2028	1238	301	236	231	177	4658
32	NHOTHER	8	3	10	10	4	2	0	0	37	9	6	13	8	3	2	2	1	44	17	9	23	18	7	4	2	1	81
32	MULTI	46	65	114	71	25	12	12	2	347	78	52	140	74	27	18	12	4	405	124	117	254	145	52	30	24	6	752
32	Total	542	1229	4935	3054	1606	1367	1118	613	14464	623	1750	5160	2459	1387	1440	1192	808	14819	1165	2979	10095	5513	2993	2807	2310	1421	29283
33	HISP	82	31	110	205	84	45	20	6	583	88	23	142	211	67	48	22	18	619	170	54	252	416	151	93	42	24	1202
33	NHW	406	95	1267	1667	791	571	338	100	5235	436	95	1368	1509	660	577	313	88	5046	842	190	2635	3176	1451	1148	651	188	10281
33	NHB	273	266	319	372	397	387	295	230	2539	273	262	408	568	474	488	455	548	3476	546	528	727	940	871	875	750	778	6015
33	NHAM	1	0	5	0	1	0	0	2	9	1	0	4	0	0	2	1	1	9	2	0	9	0	1	2	1	3	18
33	NHAS	149	34	339	542	180	89	87	109	1529	164	57	409	578	182	128	128	132	1778	313	91	748	1120	362	217	215	241	3307
33	NHOTHER	11	2	9	7	4	1	1	0	35	5	1	5	7	1	1	3	2	25	16	3	14	14	5	2	4	2	60
33	MULTI	73	20	43	67	9	3	4	8	227	78	14	71	70	16	7	12	9	277	151	34	114	137	25	10	16	17	504
33	Total	995	448	2093	2860	1467	1096	745	455	10159	1045	452	2407	2943	1401	1251	934	798	11231	2040	900	4500	5803	2868	2347	1679	1253	21390
34	HISP	32	30	67	38	32	23	7	14	243	29	21	53	41	32	13	17	15	221	61	51	120	79	64	36	24	29	464
34	NHW	55	61	255	144	119	94	66	92	886	37	46	130	105	98	100	95	145	756	92	107	385	249	217	194	161	237	1642
34	NHB	72	116	72	48	67	49	74	74	572	83	113	106	82	96	113	99	155	847	155	229	178	130	163	162	173	229	1419
34	NHAM	0	0	2	0	0	0	0	0	2	0	0	1	0	0	1	0	0	2	0	0	3	0	0	1	0	0	4
34	NHAS	432	565	755	508	645	727	468	573	4673	443	491	701	608	752	736	510	807	5048	875	1056	1456	1116	1397	1463	978	1380	9721
34	NHOTHER	0	0	0	0	0	0	0	0	0	2	0	0	0	0	0	0	0	2	2	0	0	0	0	0	0	0	2
34	MULTI	12	10	21	12	4	6	3	5	73	16	9	12	10	5	6	2	5	65	28	19	33	22	9	12	5	10	138
34	Total	603	782	1172	750	867	900	618	758	6450	610	680	1003	846	983	969	723	1127	6941	1213	1462	2175	1596	1850	1869	1341	1885	13391
35	HISP	23	46	73	45	35	16	7	6	251	25	28	67	35	25	17	8	9	214	48	74	140	80	60	33	15	15	465
35	NHW	17	233	526	109	52	53	53	47	1090	24	126	307	81	51	53	42	36	720	41	359	833	190	103	106	95	83	1810
35	NHB	637	721	661	640	717	834	710	635	5555	671	739	1025	943	938	1234	905	1237	7692	1308	1460	1686	1583	1655	2068	1615	1872	13247
35	NHAM	0	5	2	4	3	0	1	0	15	1	2	2	6	3	7	2	3	26	1	7	4	10	6	7	3	3	41
35	NHAS	49	82	908	206	41	17	15	12	1330	40	56	624	165	33	24	25	16	983	89	138	1532	371	74	41	40	28	2313
35	NHOTHER	3	0	7	0	2	0	0	1	13	1	3	1	0	2	0	0	1	8	4	3	8	0	4	0	0	2	21
35	MULTI	16	28	57	19	6	15	12	3	156	17	20	48	23	10	22	15	27	182	33	48	105	42	16	37	27	30	338
35	Total	745	1117	2234	1023	856	935	798	705	8413	779	974	2074	1253	1062	1357	997	1329	9825	1524	2091	4308	2276	1918	2292	1795	2034	18238
36	HISP	8	4	4	8	6	2	1	0	33	10	8	6	9	10	3	6	2	54	18	12	10	17	16	5	7	2	87
36	NHW	9	0	3	18	17	7	4	2	60	7	2	7	21	7	9	7	2	62	16	2	10	39	24	16	11	4	122
36	NHB	467	485	269	271	283	233	180	108	2296	432	529	440	591	464	378	227	210	3271	899	1014	709	862	747	611	407	318	5567
36	NHAM	0	1	0	0	0	2	0	0	3	2	3	5	0	1	3	0	0	14	2	4	5	0	1	5	0	0	17
36	NHAS	0	2	0	4	4	2	0	0	12	1	1	5	4	6	3	2	1	23	1	3	5	8	10	5	2	1	35
36	NHOTHER	3	0	0	2	0	0	0	0	5	2	0	1	0	0	0	0	0	3	5	0	1	2	0	0	0	0	8
36	MULTI	12	5	3	1	4	4	0	0	29	11	3	6	10	8	5	4	4	51	23	8	9	11	12	9	4	4	80
36	Total	499	497	279	306	314	250	185	110	2440	465	546	470	635	496	401	246	219	3478	964	1043	749	941	810	651	431	329	5918
37	HISP	19	8	9	16	9	7	1	1	70	15	10	14	11	3	5	3	1	62	34	18	23	27	12	12	4	2	132
37	NHW	2	3	2	2	4	4	5	1	23	2	1	9	2	5	1	3	1	24	4	4	11	4	9	5	8	2	47
37	NHB	157	230	148	133	146	160	158	137	1269	148	208	155	164	159	190	180	178	1382	305	438	303	297	305	350	338	315	2651
37	NHAM	0	0	0	0	0	0	0	0	0	0	0	0	0	0	0	0	0	0	0	0	0	0	0	0	0	0	0
37	NHAS	1	0	0	1	0	0	0	2	4	0	0	1	1	0	0	0	1	3	1	0	1	2	0	0	0	3	7
37	NHOTHER	0	0	0	0	0	0	0	0	0	0	0	0	0	0	0	0	0	0	0	0	0	0	0	0	0	0	0
37	MULTI	4	5	1	1	4	5	2	3	25	1	1	2	2	2	1	3	2	14	5	6	3	3	6	6	5	5	39
37	Total	183	246	160	153	163	176	166	144	1391	166	220	181	180	169	197	189	183	1485	349	466	341	333	332	373	355	327	2876
38	HISP	35	28	19	34	23	12	7	12	170	39	38	33	59	31	12	9	4	225	74	66	52	93	54	24	16	16	395
38	NHW	20	6	24	76	36	17	7	2	188	25	4	24	74	35	21	9	11	203	45	10	48	150	71	38	16	13	391
38	NHB	1398	1550	1099	1201	1157	989	821	670	8885	1345	1558	1487	1934	1570	1508	1049	1309	11760	2743	3108	2586	3135	2727	2497	1870	1979	20645
38	NHAM	1	3	0	2	2	2	2	5	17	1	1	1	2	2	3	3	3	16	2	4	1	4	4	5	5	8	33
38	NHAS	1	3	3	7	4	3	0	0	21	4	1	3	19	2	5	1	1	36	5	4	6	26	6	8	1	1	57
38	NHOTHER	2	2	0	1	0	0	0	0	5	3	2	2	4	1	1	0	1	14	5	4	2	5	1	1	0	1	19
38	MULTI	48	36	26	12	14	8	15	10	169	31	32	28	40	31	29	13	14	218	79	68	54	52	45	37	28	24	387
38	Total	1505	1628	1172	1333	1236	1031	852	699	9456	1448	1636	1579	2132	1672	1579	1084	1343	12473	2953	3264	2751	3465	2908	2610	1936	2042	21929
39	HISP	44	33	75	52	25	13	9	6	257	38	25	80	51	34	24	22	11	285	82	58	155	103	59	37	31	17	542
39	NHW	128	86	366	197	162	155	179	121	1394	138	80	375	219	175	179	201	181	1548	266	166	741	416	337	334	380	302	2942
39	NHB	694	764	640	649	692	691	550	554	5234	732	745	1027	1018	1012	1143	891	1019	7587	1426	1509	1667	1667	1704	1834	1441	1573	12821
39	NHAM	2	0	1	1	1	1	0	1	7	0	0	1	0	1	3	1	4	10	2	0	2	1	2	4	1	5	17
39	NHAS	52	20	211	110	50	20	15	12	490	47	25	178	117	47	30	16	23	483	99	45	389	227	97	50	31	35	973
39	NHOTHER	14	4	3	4	7	1	0	0	33	8	3	3	4	1	0	4	4	27	22	7	6	8	8	1	4	4	60
39	MULTI	60	35	40	25	16	14	6	3	199	42	37	64	38	29	27	25	21	283	102	72	104	63	45	41	31	24	482
39	Total	994	942	1336	1038	953	895	760	697	7615	1005	916	1728	1448	1299	1407	1160	1263	10226	1999	1858	3064	2486	2252	2302	1920	1960	17841
40	HISP	16	11	1	8	7	1	4	0	48	14	7	10	12	8	4	1	0	56	30	18	11	20	15	5	5	0	104
40	NHW	4	7	19	9	7	5	1	1	53	3	1	4	9	6	6	3	2	34	7	8	23	18	13	11	4	3	87
40	NHB	1027	1069	669	598	564	529	262	180	4898	1003	1207	1003	968	898	708	337	348	6472	2030	2276	1672	1566	1462	1237	599	528	11370
40	NHAM	2	0	0	1	2	0	0	0	5	2	1	1	1	1	1	1	0	8	4	1	1	2	3	1	1	0	13
40	NHAS	0	0	4	0	1	0	0	0	5	0	0	2	5	0	0	0	0	7	0	0	6	5	1	0	0	0	12
40	NHOTHER	0	0	0	0	1	0	0	0	1	0	0	0	0	0	0	1	0	1	0	0	0	0	1	0	1	0	2
40	MULTI	10	14	6	6	3	6	1	2	48	13	18	14	15	7	11	0	3	81	23	32	20	21	10	17	1	5	129
40	Total	1059	1101	699	622	585	541	268	183	5058	1035	1234	1034	1010	920	730	343	353	6659	2094	2335	1733	1632	1505	1271	611	536	11717
41	HISP	97	122	279	159	91	36	20	21	825	91	123	308	135	59	42	23	20	801	188	245	587	294	150	78	43	41	1626
41	NHW	367	533	2210	849	504	529	512	496	6000	348	513	2062	810	508	574	556	621	5992	715	1046	4272	1659	1012	1103	1068	1117	11992
41	NHB	250	322	570	455	472	600	431	287	3387	248	335	716	574	643	725	561	626	4428	498	657	1286	1029	1115	1325	992	913	7815
41	NHAM	1	1	3	3	3	2	2	0	15	2	2	3	7	0	5	2	1	22	3	3	6	10	3	7	4	1	37
41	NHAS	106	183	566	342	151	84	44	60	1536	121	187	591	340	171	113	61	65	1649	227	370	1157	682	322	197	105	125	3185
41	NHOTHER	5	6	19	7	5	1	0	0	43	9	5	11	11	6	5	2	1	50	14	11	30	18	11	6	2	1	93
41	MULTI	100	74	133	43	31	14	12	9	416	99	78	161	66	36	31	18	26	515	199	152	294	109	67	45	30	35	931
41	Total	926	1241	3781	1858	1257	1266	1021	873	12223	918	1243	3852	1943	1423	1495	1223	1361	13458	1844	2484	7633	3801	2680	2761	2244	2234	25681
42	HISP	34	61	59	35	21	14	8	6	238	39	73	87	44	17	16	12	17	305	73	134	146	79	38	30	20	23	543
42	NHW	52	232	323	151	86	66	25	9	944	57	165	223	138	84	49	37	10	763	109	397	546	289	170	115	62	19	1707
42	NHB	1669	1810	1176	1221	1250	1297	810	635	9868	1549	1892	1641	1866	1712	1723	1157	1246	12786	3218	3702	2817	3087	2962	3020	1967	1881	22654
42	NHAM	4	1	4	5	3	4	1	2	24	2	1	3	6	0	2	1	3	18	6	2	7	11	3	6	2	5	42
42	NHAS	19	84	103	43	20	5	3	2	279	11	90	96	42	25	9	11	4	288	30	174	199	85	45	14	14	6	567
42	NHOTHER	2	1	1	3	3	1	0	1	12	4	4	2	2	1	5	3	1	22	6	5	3	5	4	6	3	2	34
42	MULTI	50	50	36	18	19	17	9	3	202	48	43	41	34	27	15	17	9	234	98	93	77	52	46	32	26	12	436
42	Total	1830	2239	1702	1476	1402	1404	856	658	11567	1710	2268	2093	2132	1866	1819	1238	1290	14416	3540	4507	3795	3608	3268	3223	2094	1948	25983
43	HISP	114	52	66	47	39	26	11	17	372	101	80	98	71	48	34	26	24	482	215	132	164	118	87	60	37	41	854
43	NHW	17	18	26	46	50	55	44	54	310	11	15	32	53	50	56	58	55	330	28	33	58	99	100	111	102	109	640
43	NHB	3003	3276	2764	2525	2819	2989	1895	1437	20708	3056	3326	3883	3438	3696	3967	2555	2660	26581	6059	6602	6647	5963	6515	6956	4450	4097	47289
43	NHAM	14	2	3	9	10	12	5	6	61	5	6	4	8	5	11	13	7	59	19	8	7	17	15	23	18	13	120
43	NHAS	2	4	14	12	8	7	5	3	55	1	3	6	8	6	10	9	3	46	3	7	20	20	14	17	14	6	101
43	NHOTHER	10	4	5	4	6	3	1	1	34	5	6	10	9	2	5	1	1	39	15	10	15	13	8	8	2	2	73
43	MULTI	55	58	27	35	33	26	19	19	272	62	63	60	54	44	70	29	33	415	117	121	87	89	77	96	48	52	687
43	Total	3215	3414	2905	2678	2965	3118	1980	1537	21812	3241	3499	4094	3643	3851	4153	2691	2783	27955	6456	6913	6999	6321	6816	7271	4671	4320	49767
44	HISP	36	20	26	23	14	13	4	2	138	34	34	24	26	16	17	7	15	173	70	54	50	49	30	30	11	17	311
44	NHW	4	2	4	3	8	10	8	5	44	0	7	4	17	8	10	11	11	68	4	9	8	20	16	20	19	16	112
44	NHB	1659	2053	1568	1521	1740	2011	1231	1255	13038	1723	2058	1937	1873	2298	2910	1816	2507	17122	3382	4111	3505	3394	4038	4921	3047	3762	30160
44	NHAM	0	5	8	4	3	4	2	6	32	6	3	8	4	5	3	3	5	37	6	8	16	8	8	7	5	11	69
44	NHAS	0	0	0	1	4	3	1	2	11	0	0	0	1	5	3	5	2	16	0	0	0	2	9	6	6	4	27
44	NHOTHER	2	2	2	2	1	0	0	3	12	1	0	0	2	3	1	1	4	12	3	2	2	4	4	1	1	7	24
44	MULTI	31	17	11	9	20	14	6	17	125	36	22	19	26	17	32	25	21	198	67	39	30	35	37	46	31	38	323
44	Total	1732	2099	1619	1564	1790	2055	1252	1290	13401	1800	2124	1993	1949	2352	2976	1868	2565	17627	3532	4223	3612	3513	4142	5031	3120	3855	31028
45	HISP	16	17	13	8	15	6	3	5	83	14	14	6	10	8	6	6	6	70	30	31	19	18	23	12	9	11	153
45	NHW	1	6	1	5	3	5	4	5	30	3	4	13	4	8	5	2	12	51	4	10	14	9	11	10	6	17	81
45	NHB	509	662	457	470	594	647	391	501	4231	507	674	539	576	771	865	715	873	5520	1016	1336	996	1046	1365	1512	1106	1374	9751
45	NHAM	0	2	1	1	0	3	0	1	8	2	1	2	1	1	1	1	1	10	2	3	3	2	1	4	1	2	18
45	NHAS	0	1	0	0	1	2	0	3	7	0	0	0	2	3	1	2	4	12	0	1	0	2	4	3	2	7	19
45	NHOTHER	1	3	0	0	0	0	0	0	4	2	3	1	0	1	1	0	0	8	3	6	1	0	1	1	0	0	12
45	MULTI	15	14	5	7	10	9	4	1	65	13	10	6	7	14	9	12	11	82	28	24	11	14	24	18	16	12	147
45	Total	544	705	477	491	623	672	402	516	4430	541	706	567	600	808	888	738	907	5755	1085	1411	1044	1091	1431	1560	1140	1423	10185
46	HISP	590	525	575	447	434	375	263	255	3464	556	529	496	419	373	354	289	294	3310	1146	1054	1071	866	807	729	552	549	6774
46	NHW	14	17	13	19	48	55	59	66	291	10	19	13	31	34	54	51	96	308	24	36	26	50	82	109	110	162	599
46	NHB	1746	2010	1341	1148	1247	1256	762	750	10260	1658	2122	1774	1603	1622	1737	1237	1283	13036	3404	4132	3115	2751	2869	2993	1999	2033	23296
46	NHAM	4	2	2	2	0	10	5	0	25	0	7	4	4	2	4	3	3	27	4	9	6	6	2	14	8	3	52
46	NHAS	4	1	2	6	5	4	1	2	25	2	0	11	10	1	8	3	7	42	6	1	13	16	6	12	4	9	67
46	NHOTHER	4	0	8	4	2	4	0	1	23	8	0	7	3	2	5	4	3	32	12	0	15	7	4	9	4	4	55
46	MULTI	36	33	16	14	19	11	12	11	152	21	23	32	24	21	27	17	20	185	57	56	48	38	40	38	29	31	337
46	Total	2398	2589	1957	1640	1759	1715	1102	1085	14245	2259	2704	2337	2098	2056	2189	1604	1706	16953	4657	5293	4294	3738	3815	3904	2706	2791	31198
47	HISP	4	0	0	2	0	0	0	0	6	4	2	1	3	0	1	2	1	14	8	2	1	5	0	1	2	1	20
47	NHW	0	1	1	1	0	4	0	1	8	0	0	2	0	1	1	0	7	11	0	1	3	1	1	5	0	8	19
47	NHB	167	271	150	149	150	151	117	105	1260	177	248	163	199	165	206	191	240	1589	344	519	313	348	315	357	308	345	2849
47	NHAM	1	0	0	0	0	0	0	0	1	1	0	0	0	0	0	0	0	1	2	0	0	0	0	0	0	0	2
47	NHAS	0	0	0	0	0	0	0	0	0	0	0	0	0	0	0	0	0	0	0	0	0	0	0	0	0	0	0
47	NHOTHER	0	0	0	0	0	0	0	0	0	0	0	0	0	0	0	0	0	0	0	0	0	0	0	0	0	0	0
47	MULTI	1	1	3	1	4	1	0	0	11	1	2	1	1	2	2	5	1	15	2	3	4	2	6	3	5	1	26
47	Total	173	273	154	153	154	156	117	106	1286	183	252	167	203	168	210	198	249	1630	356	525	321	356	322	366	315	355	2916
48	HISP	62	36	37	42	37	37	19	28	298	27	33	48	30	32	30	34	37	271	89	69	85	72	69	67	53	65	569
48	NHW	3	5	4	3	7	6	9	20	57	6	2	5	3	10	9	10	24	69	9	7	9	6	17	15	19	44	126
48	NHB	570	858	575	606	808	779	669	810	5675	606	845	592	750	948	1064	1117	1300	7222	1176	1703	1167	1356	1756	1843	1786	2110	12897
48	NHAM	2	1	2	0	0	1	2	0	8	2	0	0	1	4	2	0	0	9	4	1	2	1	4	3	2	0	17
48	NHAS	1	1	2	2	1	1	2	1	11	0	2	0	3	5	2	1	2	15	1	3	2	5	6	3	3	3	26
48	NHOTHER	0	0	2	1	1	0	0	4	8	1	2	2	0	1	2	3	3	14	1	2	4	1	2	2	3	7	22
48	MULTI	12	21	6	14	7	9	4	6	79	7	13	13	7	8	5	12	11	76	19	34	19	21	15	14	16	17	155
48	Total	650	922	628	668	861	833	705	869	6136	649	897	660	794	1008	1114	1177	1377	7676	1299	1819	1288	1462	1869	1947	1882	2246	13812
49	HISP	60	53	30	21	17	17	12	6	216	47	49	39	36	30	19	8	14	242	107	102	69	57	47	36	20	20	458
49	NHW	4	10	12	3	10	18	12	14	83	6	4	23	12	14	15	11	20	105	10	14	35	15	24	33	23	34	188
49	NHB	2696	3432	2374	2091	2527	2652	1710	1871	19353	2664	3713	2757	2654	3018	3270	2744	3274	24094	5360	7145	5131	4745	5545	5922	4454	5145	43447
49	NHAM	6	6	0	3	2	4	4	2	27	4	7	5	5	5	5	4	2	37	10	13	5	8	7	9	8	4	64
49	NHAS	1	1	2	0	2	0	1	1	8	1	0	1	4	5	1	1	6	19	2	1	3	4	7	1	2	7	27
49	NHOTHER	0	2	3	2	2	1	0	2	12	3	4	1	1	1	3	4	4	21	3	6	4	3	3	4	4	6	33
49	MULTI	51	37	23	16	23	18	4	6	178	35	41	37	31	19	21	13	20	217	86	78	60	47	42	39	17	26	395
49	Total	2818	3543	2445	2136	2583	2710	1743	1903	19881	2760	3818	2865	2743	3093	3334	2785	3340	24738	5578	7361	5310	4879	5676	6044	4528	5243	44619
50	HISP	55	50	46	41	37	33	31	18	311	39	46	35	32	32	34	24	18	260	94	96	81	73	69	67	55	36	571
50	NHW	9	9	25	34	44	59	53	29	262	10	10	28	35	31	50	49	47	260	19	19	53	69	75	109	102	76	522
50	NHB	420	495	369	323	323	287	193	231	2641	412	474	399	466	507	465	373	385	3481	832	969	768	789	830	752	566	616	6122
50	NHAM	1	0	0	0	0	0	1	1	3	1	0	0	0	1	2	0	1	5	2	0	0	0	1	2	1	2	8
50	NHAS	0	0	0	0	1	0	0	0	1	0	0	1	0	0	2	0	1	4	0	0	1	0	1	2	0	1	5
50	NHOTHER	2	0	0	0	0	0	0	0	2	2	0	2	0	1	1	0	0	6	4	0	2	0	1	1	0	0	8
50	MULTI	11	11	2	5	5	4	4	0	42	10	11	4	2	9	3	5	3	47	21	22	6	7	14	7	9	3	89
50	Total	498	565	442	403	410	383	282	279	3262	474	541	469	535	581	557	451	455	4063	972	1106	911	938	991	940	733	734	7325
51	HISP	453	435	369	365	272	277	153	156	2480	390	384	355	319	276	262	152	191	2329	843	819	724	684	548	539	305	347	4809
51	NHW	12	24	33	24	50	70	41	81	335	24	27	20	27	40	69	55	128	390	36	51	53	51	90	139	96	209	725
51	NHB	634	822	464	411	502	525	374	302	4034	660	813	549	660	692	753	650	543	5320	1294	1635	1013	1071	1194	1278	1024	845	9354
51	NHAM	2	2	1	1	3	2	1	1	13	0	4	0	2	2	6	1	3	18	2	6	1	3	5	8	2	4	31
51	NHAS	2	0	1	1	1	0	0	0	5	0	0	2	3	1	3	2	2	13	2	0	3	4	2	3	2	2	18
51	NHOTHER	4	0	0	2	1	0	0	0	7	2	2	0	1	1	1	0	1	8	6	2	0	3	2	1	0	1	15
51	MULTI	11	9	10	11	9	6	3	4	63	16	14	13	5	16	9	11	9	93	27	23	23	16	25	15	14	13	156
51	Total	1118	1292	879	815	838	880	572	544	6938	1092	1244	939	1017	1028	1103	871	877	8171	2210	2536	1818	1832	1866	1983	1443	1421	15109
52	HISP	1693	1785	1447	1387	1185	892	410	285	9084	1723	1804	1314	1305	1125	901	424	396	8992	3416	3589	2761	2692	2310	1793	834	681	18076
52	NHW	102	117	161	179	229	384	280	368	1820	89	122	148	172	227	388	336	667	2149	191	239	309	351	456	772	616	1035	3969
52	NHB	83	110	53	44	39	33	19	6	387	67	78	75	69	48	39	10	4	390	150	188	128	113	87	72	29	10	777
52	NHAM	1	2	0	3	3	3	2	0	14	5	2	4	0	4	6	3	1	25	6	4	4	3	7	9	5	1	39
52	NHAS	4	2	4	6	0	3	3	0	22	4	1	7	5	2	7	3	2	31	8	3	11	11	2	10	6	2	53
52	NHOTHER	0	2	1	0	1	2	0	1	7	0	1	2	1	2	0	0	0	6	0	3	3	1	3	2	0	1	13
52	MULTI	17	14	5	4	10	1	2	0	53	19	11	6	7	8	5	1	0	57	36	25	11	11	18	6	3	0	110
52	Total	1900	2033	1672	1623	1468	1318	716	660	11390	1907	2020	1556	1559	1416	1346	777	1071	11652	3807	4053	3228	3182	2884	2664	1493	1731	23042
53	HISP	148	125	127	122	102	71	46	34	775	155	117	120	115	74	81	45	27	734	303	242	247	237	176	152	91	61	1509
53	NHW	7	5	6	8	5	23	9	20	83	1	3	13	10	7	14	8	27	83	8	8	19	18	12	37	17	47	166
53	NHB	1901	2457	1571	1379	1543	1426	1247	944	12468	1939	2505	1755	1816	1918	2022	1796	1374	15125	3840	4962	3326	3195	3461	3448	3043	2318	27593
53	NHAM	7	4	0	0	1	3	1	1	17	0	5	6	1	5	5	5	1	28	7	9	6	1	6	8	6	2	45
53	NHAS	1	0	1	1	0	2	0	0	5	0	0	1	1	2	2	2	1	9	1	0	2	2	2	4	2	1	14
53	NHOTHER	2	2	1	0	0	1	0	0	6	0	1	2	1	1	1	0	1	7	2	3	3	1	1	2	0	1	13
53	MULTI	37	23	17	20	18	11	9	10	145	26	29	19	21	24	17	14	14	164	63	52	36	41	42	28	23	24	309
53	Total	2103	2616	1724	1530	1669	1538	1312	1009	13501	2121	2660	1916	1965	2031	2142	1870	1445	16150	4224	5276	3640	3495	3700	3680	3182	2454	29651
54	HISP	15	16	9	9	8	6	4	2	69	12	11	10	8	7	9	3	3	63	27	27	19	17	15	15	7	5	132
54	NHW	3	2	1	5	4	2	1	0	18	2	4	1	2	1	2	2	0	14	5	6	2	7	5	4	3	0	32
54	NHB	630	824	307	234	201	175	91	87	2549	644	767	546	578	462	332	195	178	3702	1274	1591	853	812	663	507	286	265	6251
54	NHAM	1	1	0	1	1	0	0	0	4	0	0	1	1	1	0	0	0	3	1	1	1	2	2	0	0	0	7
54	NHAS	0	0	0	0	1	1	0	0	2	0	0	0	0	0	0	0	0	0	0	0	0	0	1	1	0	0	2
54	NHOTHER	0	1	0	0	0	0	0	0	1	1	1	0	0	1	0	0	0	3	1	2	0	0	1	0	0	0	4
54	MULTI	8	5	2	4	0	2	0	0	21	7	6	4	6	5	2	1	2	33	15	11	6	10	5	4	1	2	54
54	Total	657	849	319	253	215	186	96	89	2664	666	789	562	595	477	345	201	183	3818	1323	1638	881	848	692	531	297	272	6482
55	HISP	493	462	363	357	293	220	102	88	2378	432	421	327	383	288	223	118	101	2293	925	883	690	740	581	443	220	189	4671
55	NHW	128	186	210	197	294	439	330	295	2079	128	150	168	190	302	363	328	527	2156	256	336	378	387	596	802	658	822	4235
55	NHB	44	51	15	24	25	9	8	3	179	29	35	31	37	15	17	7	14	185	73	86	46	61	40	26	15	17	364
55	NHAM	1	3	1	3	2	1	1	0	12	2	2	0	2	1	0	2	1	10	3	5	1	5	3	1	3	1	22
55	NHAS	2	3	4	1	2	0	1	0	13	2	3	8	2	4	8	5	3	35	4	6	12	3	6	8	6	3	48
55	NHOTHER	1	0	0	0	0	0	0	0	1	0	0	0	0	0	0	0	0	0	1	0	0	0	0	0	0	0	1
55	MULTI	12	2	7	1	8	3	1	1	35	13	12	6	4	6	3	4	2	50	25	14	13	5	14	6	5	3	85
55	Total	681	707	600	583	624	672	443	387	4697	606	623	540	618	616	614	464	648	4729	1287	1330	1140	1201	1240	1286	907	1035	9426
56	HISP	1365	1146	1006	1212	885	568	290	213	6685	1334	1171	1050	1242	885	564	325	259	6830	2699	2317	2056	2454	1770	1132	615	472	13515
56	NHW	730	945	1068	994	1350	1664	1030	1120	8901	757	861	948	924	1274	1644	1118	1945	9471	1487	1806	2016	1918	2624	3308	2148	3065	18372
56	NHB	98	135	124	96	115	114	107	142	931	108	149	109	106	148	136	142	211	1109	206	284	233	202	263	250	249	353	2040
56	NHAM	1	5	2	0	2	6	0	0	16	0	1	2	3	4	2	1	0	13	1	6	4	3	6	8	1	0	29
56	NHAS	19	14	23	24	20	20	16	21	157	18	20	20	30	30	23	23	25	189	37	34	43	54	50	43	39	46	346
56	NHOTHER	1	7	0	1	3	1	1	0	14	4	3	1	1	4	2	1	0	16	5	10	1	2	7	3	2	0	30
56	MULTI	29	13	8	8	10	9	4	5	86	22	14	13	13	9	7	5	9	92	51	27	21	21	19	16	9	14	178
56	Total	2243	2265	2232	2335	2386	2382	1448	1501	16792	2243	2219	2143	2320	2354	2378	1615	2449	17721	4486	4484	4375	4655	4740	4760	3063	3950	34513
57	HISP	1064	960	927	965	625	368	187	89	5185	1001	917	823	944	562	402	209	139	4997	2065	1877	1750	1909	1187	770	396	228	10182
57	NHW	78	122	168	159	195	275	207	219	1423	54	102	162	114	141	253	209	416	1451	132	224	330	273	336	528	416	635	2874
57	NHB	12	13	15	14	5	5	0	0	64	7	15	13	9	13	7	1	1	66	19	28	28	23	18	12	1	1	130
57	NHAM	1	2	2	1	0	1	0	0	7	2	2	0	2	0	0	0	2	8	3	4	2	3	0	1	0	2	15
57	NHAS	4	6	10	17	10	7	10	1	65	7	11	11	11	15	12	5	1	73	11	17	21	28	25	19	15	2	138
57	NHOTHER	2	1	1	0	1	0	0	0	5	1	1	1	2	0	0	1	0	6	3	2	2	2	1	0	1	0	11
57	MULTI	10	5	3	3	0	3	0	0	24	2	7	2	2	1	3	1	1	19	12	12	5	5	1	6	1	1	43
57	Total	1171	1109	1126	1159	836	659	404	309	6773	1074	1055	1012	1084	732	677	426	560	6620	2245	2164	2138	2243	1568	1336	830	869	13393
58	HISP	4214	3745	3641	3275	2526	1578	669	386	20034	4060	3510	3139	3108	2175	1490	691	486	18659	8274	7255	6780	6383	4701	3068	1360	872	38693
58	NHW	113	160	185	159	261	358	276	297	1809	102	128	152	182	231	326	276	476	1873	215	288	337	341	492	684	552	773	3682
58	NHB	62	39	50	38	35	27	12	2	265	50	56	59	50	30	20	9	3	277	112	95	109	88	65	47	21	5	542
58	NHAM	1	5	2	3	5	6	1	0	23	1	3	2	5	4	0	2	0	17	2	8	4	8	9	6	3	0	40
58	NHAS	138	184	162	176	164	168	118	50	1160	133	126	145	146	197	180	101	64	1092	271	310	307	322	361	348	219	114	2252
58	NHOTHER	6	4	4	2	3	3	0	0	22	6	6	2	4	1	3	0	0	22	12	10	6	6	4	6	0	0	44
58	MULTI	14	8	12	5	8	4	2	1	54	12	5	13	5	5	10	1	10	61	26	13	25	10	13	14	3	11	115
58	Total	4548	4145	4056	3658	3002	2144	1078	736	23367	4364	3834	3512	3500	2643	2029	1080	1039	22001	8912	7979	7568	7158	5645	4173	2158	1775	45368
59	HISP	931	901	912	810	639	509	229	141	5072	976	832	900	760	629	501	250	191	5039	1907	1733	1812	1570	1268	1010	479	332	10111
59	NHW	70	100	216	188	177	234	179	161	1325	66	103	199	176	165	203	180	250	1342	136	203	415	364	342	437	359	411	2667
59	NHB	17	18	28	25	19	8	1	2	118	15	22	24	28	17	7	1	2	116	32	40	52	53	36	15	2	4	234
59	NHAM	1	1	2	1	3	1	1	0	10	1	2	2	2	2	0	3	1	13	2	3	4	3	5	1	4	1	23
59	NHAS	158	167	162	197	200	191	99	59	1233	131	143	152	223	213	190	98	62	1212	289	310	314	420	413	381	197	121	2445
59	NHOTHER	2	0	0	3	0	0	0	0	5	1	1	1	1	0	0	0	0	4	3	1	1	4	0	0	0	0	9
59	MULTI	22	7	11	11	6	3	3	0	63	15	10	4	7	11	6	3	2	58	37	17	15	18	17	9	6	2	121
59	Total	1201	1194	1331	1235	1044	947	512	363	7827	1205	1113	1283	1197	1037	907	535	508	7785	2406	2307	2614	2432	2081	1854	1047	871	15612
60	HISP	800	787	833	750	531	410	162	137	4410	820	674	776	653	523	376	201	194	4217	1620	1461	1609	1403	1054	786	363	331	8627
60	NHW	407	388	1165	884	788	840	602	475	5549	393	430	996	770	771	862	664	790	5676	800	818	2161	1654	1559	1702	1266	1265	11225
60	NHB	35	30	121	52	52	22	14	13	339	40	39	84	58	29	20	33	30	333	75	69	205	110	81	42	47	43	672
60	NHAM	1	4	6	4	1	0	1	0	17	1	3	4	6	4	2	4	0	24	2	7	10	10	5	2	5	0	41
60	NHAS	608	712	954	722	848	920	425	293	5482	565	677	893	808	954	903	432	324	5556	1173	1389	1847	1530	1802	1823	857	617	11038
60	NHOTHER	4	1	1	8	0	3	0	0	17	3	0	4	2	2	1	0	1	13	7	1	5	10	2	4	0	1	30
60	MULTI	43	18	39	30	17	12	4	3	166	49	23	39	17	15	18	4	6	171	92	41	78	47	32	30	8	9	337
60	Total	1898	1940	3120	2450	2240	2209	1208	921	15986	1871	1846	2797	2314	2298	2182	1338	1345	15991	3769	3786	5917	4764	4538	4391	2546	2266	31977
61	HISP	2882	2571	2258	2230	1573	1089	500	330	13433	2669	2380	1920	1993	1355	877	449	355	11998	5551	4951	4178	4223	2928	1966	949	685	25431
61	NHW	281	265	280	365	354	391	212	174	2322	242	253	324	337	336	348	235	300	2375	523	518	604	702	690	739	447	474	4697
61	NHB	1110	1385	839	695	677	749	379	261	6095	1112	1361	1085	872	871	799	462	491	7053	2222	2746	1924	1567	1548	1548	841	752	13148
61	NHAM	10	5	2	0	8	7	1	1	34	3	1	5	1	3	4	4	3	24	13	6	7	1	11	11	5	4	58
61	NHAS	57	45	41	69	71	41	22	9	355	68	51	39	70	70	42	23	9	372	125	96	80	139	141	83	45	18	727
61	NHOTHER	5	7	0	4	3	4	2	1	26	2	4	2	4	3	4	3	1	23	7	11	2	8	6	8	5	2	49
61	MULTI	16	22	25	15	24	13	6	2	123	24	28	28	15	13	14	10	6	138	40	50	53	30	37	27	16	8	261
61	Total	4361	4300	3447	3379	2710	2294	1122	778	22391	4120	4078	3403	3292	2653	2088	1187	1165	21986	8481	8378	6850	6671	5363	4382	2309	1943	44377
62	HISP	1479	1361	1192	1302	910	555	279	115	7193	1446	1292	1200	1262	868	583	290	180	7121	2925	2653	2392	2564	1778	1138	569	295	14314
62	NHW	85	104	208	148	192	299	236	275	1547	63	93	171	127	171	328	264	486	1703	148	197	379	275	363	627	500	761	3250
62	NHB	22	25	24	19	20	13	6	0	129	19	24	25	25	16	11	3	3	126	41	49	49	44	36	24	9	3	255
62	NHAM	2	1	0	1	0	0	1	0	5	2	2	3	1	0	1	0	1	10	4	3	3	2	0	1	1	1	15
62	NHAS	12	14	19	16	15	18	9	7	110	5	11	13	20	20	17	19	7	112	17	25	32	36	35	35	28	14	222
62	NHOTHER	1	1	2	0	1	0	0	0	5	2	4	1	0	0	0	0	1	8	3	5	3	0	1	0	0	1	13
62	MULTI	3	4	2	0	4	2	0	0	15	4	7	4	1	4	2	0	3	25	7	11	6	1	8	4	0	3	40
62	Total	1604	1510	1447	1486	1142	887	531	397	9004	1541	1433	1417	1436	1079	942	576	681	9105	3145	2943	2864	2922	2221	1829	1107	1078	18109
63	HISP	3866	3564	3213	3094	2275	1396	638	334	18380	3646	3559	2749	2838	2113	1257	654	393	17209	7512	7123	5962	5932	4388	2653	1292	727	35589
63	NHW	51	50	109	72	107	190	180	166	925	49	66	93	64	101	177	147	270	967	100	116	202	136	208	367	327	436	1892
63	NHB	171	195	163	130	130	117	85	47	1038	149	168	187	150	166	158	98	47	1123	320	363	350	280	296	275	183	94	2161
63	NHAM	3	0	2	1	1	1	1	3	12	1	2	0	3	2	3	0	0	11	4	2	2	4	3	4	1	3	23
63	NHAS	8	6	1	19	12	14	7	2	69	2	5	10	11	2	10	9	3	52	10	11	11	30	14	24	16	5	121
63	NHOTHER	5	1	2	2	1	2	0	0	13	3	6	3	0	1	1	1	1	16	8	7	5	2	2	3	1	1	29
63	MULTI	4	11	5	1	8	3	2	3	37	10	7	1	8	3	3	2	3	37	14	18	6	9	11	6	4	6	74
63	Total	4108	3828	3495	3320	2534	1724	913	555	20477	3861	3813	3044	3074	2388	1609	911	717	19417	7969	7641	6539	6394	4922	3333	1824	1272	39894
64	HISP	1125	939	841	972	658	421	169	113	5238	1092	870	862	1022	588	437	222	153	5246	2217	1809	1703	1994	1246	858	391	266	10484
64	NHW	432	572	687	748	947	1026	656	639	5707	441	566	685	730	865	1050	751	1126	6214	873	1138	1372	1478	1812	2076	1407	1765	11921
64	NHB	27	26	26	22	23	11	2	4	141	17	31	18	38	24	11	2	0	141	44	57	44	60	47	22	4	4	282
64	NHAM	0	2	1	2	2	2	1	3	13	0	0	1	1	5	5	1	1	14	0	2	2	3	7	7	2	4	27
64	NHAS	8	12	18	21	13	13	7	3	95	12	10	20	18	18	20	6	13	117	20	22	38	39	31	33	13	16	212
64	NHOTHER	4	0	6	0	0	0	4	0	14	2	4	4	3	2	4	1	0	20	6	4	10	3	2	4	5	0	34
64	MULTI	20	20	12	10	11	8	7	2	90	19	13	15	11	6	13	6	2	85	39	33	27	21	17	21	13	4	175
64	Total	1616	1571	1592	1775	1655	1481	846	764	11300	1583	1494	1605	1823	1509	1541	989	1295	11839	3199	3065	3197	3598	3164	3022	1835	2059	23139
65	HISP	2751	2527	2301	2500	1687	1068	508	242	13584	2675	2453	2149	2298	1576	1096	543	295	13085	5426	4980	4450	4798	3263	2164	1051	537	26669
65	NHW	103	185	252	222	319	499	357	423	2360	102	182	230	193	283	501	361	712	2564	205	367	482	415	602	1000	718	1135	4924
65	NHB	96	126	88	96	58	64	30	38	596	85	111	102	115	111	115	71	84	794	181	237	190	211	169	179	101	122	1390
65	NHAM	1	0	3	1	0	5	1	1	12	1	4	2	4	1	4	0	0	16	2	4	5	5	1	9	1	1	28
65	NHAS	12	7	22	18	10	10	14	2	95	11	7	18	15	13	23	19	9	115	23	14	40	33	23	33	33	11	210
65	NHOTHER	0	2	2	1	1	0	2	1	9	0	1	2	0	2	4	0	0	9	0	3	4	1	3	4	2	1	18
65	MULTI	18	10	13	6	4	6	4	4	65	8	7	8	4	3	7	4	7	48	26	17	21	10	7	13	8	11	113
65	Total	2981	2857	2681	2844	2079	1654	916	711	16723	2882	2765	2511	2629	1990	1750	998	1107	16632	5863	5622	5192	5473	4069	3404	1914	1818	33355
66	HISP	2744	2331	2284	2208	1602	990	458	250	12867	2691	2416	2049	1933	1492	945	490	258	12274	5435	4747	4333	4141	3094	1935	948	508	25141
66	NHW	63	64	128	130	167	258	193	206	1209	58	49	106	103	118	216	187	373	1210	121	113	234	233	285	474	380	579	2419
66	NHB	2095	2559	1877	1467	1580	1504	791	441	12314	2111	2603	2344	1946	2168	2019	1101	797	15089	4206	5162	4221	3413	3748	3523	1892	1238	27403
66	NHAM	2	11	6	3	4	1	1	2	30	4	6	5	7	6	7	6	1	42	6	17	11	10	10	8	7	3	72
66	NHAS	2	11	18	17	6	19	15	6	94	7	10	14	7	15	19	13	11	96	9	21	32	24	21	38	28	17	190
66	NHOTHER	13	4	7	7	6	7	2	1	47	7	7	9	3	4	4	1	0	35	20	11	16	10	10	11	3	1	82
66	MULTI	26	29	13	17	19	10	9	10	133	38	37	31	24	15	17	16	8	186	64	66	44	41	34	27	25	18	319
66	Total	4945	5009	4333	3849	3385	2789	1469	916	26695	4916	5128	4558	4024	3818	3227	1814	1448	28933	9861	10137	8891	7873	7203	6016	3283	2364	55628
67	HISP	70	94	68	70	39	32	15	9	397	86	67	64	62	43	22	20	13	377	156	161	132	132	82	54	35	22	774
67	NHW	9	5	3	4	7	15	8	2	53	2	2	10	16	17	11	9	10	77	11	7	13	20	24	26	17	12	130
67	NHB	2588	3233	2335	1578	2002	1895	1105	1096	15832	2519	3130	2493	2085	2313	2170	1741	1895	18346	5107	6363	4828	3663	4315	4065	2846	2991	34178
67	NHAM	9	9	4	0	1	5	3	2	33	9	4	3	8	2	4	2	2	34	18	13	7	8	3	9	5	4	67
67	NHAS	0	2	0	0	1	1	0	0	4	3	2	2	4	3	0	1	0	15	3	4	2	4	4	1	1	0	19
67	NHOTHER	2	1	1	1	2	4	0	0	11	1	0	8	0	4	1	2	1	17	3	1	9	1	6	5	2	1	28
67	MULTI	39	29	19	18	9	11	6	7	138	37	33	20	20	20	19	7	15	171	76	62	39	38	29	30	13	22	309
67	Total	2717	3373	2430	1671	2061	1963	1137	1116	16468	2657	3238	2600	2195	2402	2227	1782	1936	19037	5374	6611	5030	3866	4463	4190	2919	3052	35505
68	HISP	41	30	22	12	16	22	6	13	162	30	24	32	21	21	12	5	18	163	71	54	54	33	37	34	11	31	325
68	NHW	5	7	3	6	6	10	7	8	52	0	2	8	10	12	10	6	5	53	5	9	11	16	18	20	13	13	105
68	NHB	2369	2762	1963	1354	1529	1642	929	852	13400	2284	2863	2464	1981	2057	1962	1212	1624	16447	4653	5625	4427	3335	3586	3604	2141	2476	29847
68	NHAM	4	2	3	3	4	6	2	1	25	6	4	6	0	4	6	0	2	28	10	6	9	3	8	12	2	3	53
68	NHAS	0	1	1	2	0	1	2	0	7	0	1	10	9	1	6	0	0	27	0	2	11	11	1	7	2	0	34
68	NHOTHER	0	1	3	0	1	2	1	2	10	0	0	3	1	1	1	0	0	6	0	1	6	1	2	3	1	2	16
68	MULTI	29	19	8	15	14	17	9	9	120	23	21	29	15	18	15	10	15	146	52	40	37	30	32	32	19	24	266
68	Total	2448	2824	2003	1392	1572	1700	956	885	13780	2343	2916	2552	2038	2115	2012	1233	1665	16874	4791	5740	4555	3430	3687	3712	2189	2550	30654
69	HISP	57	34	12	24	28	22	13	7	197	44	36	30	26	17	13	16	9	191	101	70	42	50	45	35	29	16	388
69	NHW	15	8	6	10	14	22	13	6	94	6	11	11	12	17	16	8	5	86	21	19	17	22	31	38	21	11	180
69	NHB	2299	2553	1749	1526	1721	1892	1121	1006	13867	2375	2511	2462	2100	2240	2562	1468	2005	17723	4674	5064	4211	3626	3961	4454	2589	3011	31590
69	NHAM	8	5	1	6	4	2	5	1	32	6	8	3	5	8	7	4	4	45	14	13	4	11	12	9	9	5	77
69	NHAS	0	1	0	0	4	3	1	0	9	3	2	1	0	2	2	2	0	12	3	3	1	0	6	5	3	0	21
69	NHOTHER	3	4	0	3	2	1	0	1	14	3	3	1	4	0	1	1	1	14	6	7	1	7	2	2	1	2	28
69	MULTI	30	25	16	9	14	10	8	7	119	28	36	26	21	34	18	13	19	195	58	61	42	30	48	28	21	26	314
69	Total	2412	2630	1784	1579	1787	1952	1161	1028	14333	2466	2607	2534	2168	2319	2619	1513	2043	18269	4878	5237	4318	3747	4106	4571	2674	3071	32602
70	HISP	1795	1402	1166	1438	912	542	255	134	7644	1712	1410	1167	1373	829	559	269	169	7488	3507	2812	2333	2811	1741	1101	524	303	15132
70	NHW	125	293	382	217	407	656	421	550	3051	147	253	344	180	372	613	435	856	3200	272	546	726	397	779	1269	856	1406	6251
70	NHB	1079	1721	1075	849	1493	1356	684	386	8643	1096	1698	1032	1270	2008	1736	847	646	10333	2175	3419	2107	2119	3501	3092	1531	1032	18976
70	NHAM	4	6	2	1	4	2	0	2	21	2	3	2	2	7	5	2	1	24	6	9	4	3	11	7	2	3	45
70	NHAS	4	15	22	12	15	24	20	10	122	9	11	17	12	29	28	30	18	154	13	26	39	24	44	52	50	28	276
70	NHOTHER	4	2	2	3	0	3	1	0	15	2	0	2	1	2	3	1	0	11	6	2	4	4	2	6	2	0	26
70	MULTI	42	46	38	19	19	18	6	5	193	30	46	25	23	21	22	7	7	181	72	92	63	42	40	40	13	12	374
70	Total	3053	3485	2687	2539	2850	2602	1387	1087	19690	2998	3421	2589	2861	3268	2966	1591	1697	21391	6051	6906	5276	5400	6118	5568	2978	2784	41081
71	HISP	55	44	30	25	22	15	13	15	219	51	34	53	39	22	15	14	12	240	106	78	83	64	44	30	27	27	459
71	NHW	5	6	4	6	13	11	14	6	65	3	1	14	10	10	10	7	14	69	8	7	18	16	23	21	21	20	134
71	NHB	3069	3759	2662	2214	2750	2687	1817	1977	20935	3074	4002	3268	3132	3448	3530	2972	3300	26726	6143	7761	5930	5346	6198	6217	4789	5277	47661
71	NHAM	5	1	4	5	8	7	2	4	36	8	4	4	3	6	12	3	5	45	13	5	8	8	14	19	5	9	81
71	NHAS	1	2	2	3	1	2	1	1	13	1	1	0	0	4	5	2	7	20	2	3	2	3	5	7	3	8	33
71	NHOTHER	1	0	0	2	2	1	1	1	8	2	0	2	2	1	2	3	4	16	3	0	2	4	3	3	4	5	24
71	MULTI	29	29	14	15	25	7	11	15	145	26	27	35	14	25	25	26	26	204	55	56	49	29	50	32	37	41	349
71	Total	3165	3843	2716	2270	2821	2730	1859	2019	21423	3165	4069	3376	3200	3516	3599	3027	3368	27320	6330	7912	6092	5470	6337	6329	4886	5387	48743
72	HISP	90	93	40	51	63	46	27	15	425	118	96	56	68	69	41	24	18	490	208	189	96	119	132	87	51	33	915
72	NHW	794	828	554	636	864	1003	688	456	5823	731	749	516	653	892	1076	682	663	5962	1525	1577	1070	1289	1756	2079	1370	1119	11785
72	NHB	394	548	324	322	494	487	346	176	3091	400	505	351	454	616	703	464	254	3747	794	1053	675	776	1110	1190	810	430	6838
72	NHAM	3	1	3	1	1	3	0	0	12	2	1	1	1	1	3	1	1	11	5	2	4	2	2	6	1	1	23
72	NHAS	5	6	4	8	3	7	4	5	42	11	12	1	9	13	11	8	5	70	16	18	5	17	16	18	12	10	112
72	NHOTHER	4	5	2	2	1	1	2	0	17	3	3	3	1	2	0	2	0	14	7	8	5	3	3	1	4	0	31
72	MULTI	43	41	17	15	12	11	3	4	146	34	40	14	22	21	22	11	11	175	77	81	31	37	33	33	14	15	321
72	Total	1334	1522	944	1035	1439	1558	1070	656	9558	1301	1407	943	1208	1616	1857	1192	952	10476	2635	2929	1887	2243	3055	3415	2262	1608	20034
73	HISP	28	42	16	15	6	17	6	2	132	17	31	17	15	10	19	2	15	126	45	73	33	30	16	36	8	17	258
73	NHW	5	6	5	3	11	9	6	8	53	4	8	5	7	9	13	14	8	68	9	14	10	10	20	22	20	16	121
73	NHB	1407	1991	1303	1177	1597	1488	1049	1363	11375	1381	2011	1438	1630	1876	2004	1707	2371	14418	2788	4002	2741	2807	3473	3492	2756	3734	25793
73	NHAM	1	1	3	2	3	2	0	1	13	1	2	3	1	5	3	2	6	23	2	3	6	3	8	5	2	7	36
73	NHAS	0	1	0	0	1	0	0	1	3	0	0	1	2	0	3	2	1	9	0	1	1	2	1	3	2	2	12
73	NHOTHER	2	0	2	2	0	2	1	0	9	1	1	2	2	0	2	0	1	9	3	1	4	4	0	4	1	1	18
73	MULTI	19	16	11	13	11	8	4	12	94	19	28	19	22	19	16	17	17	157	38	44	30	35	30	24	21	29	251
73	Total	1463	2057	1340	1212	1629	1526	1066	1387	11680	1426	2081	1485	1679	1919	2060	1744	2419	14813	2889	4138	2825	2891	3548	3586	2810	3806	26493
74	HISP	172	152	105	102	77	67	20	7	702	147	159	107	94	82	55	22	14	680	319	311	212	196	159	122	42	21	1382
74	NHW	1046	1097	1091	1154	1290	1292	655	523	8148	1000	1148	1008	1060	1209	1241	658	941	8265	2046	2245	2099	2214	2499	2533	1313	1464	16413
74	NHB	40	85	101	52	56	39	31	15	419	48	85	167	67	104	53	29	15	568	88	170	268	119	160	92	60	30	987
74	NHAM	2	3	1	1	2	2	1	1	13	1	9	2	0	4	4	1	0	21	3	12	3	1	6	6	2	1	34
74	NHAS	6	7	7	8	4	12	2	0	46	14	10	13	15	9	5	9	5	80	20	17	20	23	13	17	11	5	126
74	NHOTHER	1	2	0	0	1	0	0	0	4	1	1	0	0	0	0	0	0	2	2	3	0	0	1	0	0	0	6
74	MULTI	14	15	14	5	6	7	1	1	63	16	20	13	9	10	9	1	1	79	30	35	27	14	16	16	2	2	142
74	Total	1281	1361	1319	1322	1436	1419	711	547	9396	1227	1432	1310	1245	1418	1367	721	977	9697	2508	2793	2629	2567	2854	2786	1432	1524	19093
75	HISP	64	70	42	37	42	32	12	16	315	50	62	43	37	51	31	17	13	304	114	132	85	74	93	63	29	29	619
75	NHW	367	387	362	365	451	568	305	291	3096	373	391	320	352	488	576	337	540	3377	740	778	682	717	939	1144	642	831	6473
75	NHB	835	1242	740	728	906	965	549	653	6618	862	1275	881	965	1151	1254	883	1150	8421	1697	2517	1621	1693	2057	2219	1432	1803	15039
75	NHAM	0	1	0	1	1	0	0	1	4	1	0	0	0	3	0	2	1	7	1	1	0	1	4	0	2	2	11
75	NHAS	9	3	0	3	2	4	6	1	28	6	7	4	9	12	18	7	1	64	15	10	4	12	14	22	13	2	92
75	NHOTHER	0	4	1	0	2	0	1	0	8	3	7	1	1	1	1	0	2	16	3	11	2	1	3	1	1	2	24
75	MULTI	27	33	21	13	13	18	5	6	136	36	25	15	11	13	18	9	15	142	63	58	36	24	26	36	14	21	278
75	Total	1304	1741	1166	1147	1417	1587	878	968	10208	1331	1769	1264	1377	1719	1899	1255	1722	12336	2635	3510	2430	2524	3136	3486	2133	2690	22544
76	HISP	109	66	123	131	82	65	34	16	626	99	63	117	114	81	54	38	20	586	208	129	240	245	163	119	72	36	1212
76	NHW	521	312	780	1005	753	671	421	439	4902	468	296	795	867	577	732	538	670	4943	989	608	1575	1872	1330	1403	959	1109	9845
76	NHB	34	11	35	59	44	28	8	4	223	22	12	29	41	39	27	6	4	180	56	23	64	100	83	55	14	8	403
76	NHAM	2	0	0	2	4	0	0	2	10	1	1	0	1	2	0	0	0	5	3	1	0	3	6	0	0	2	15
76	NHAS	80	24	127	168	65	39	27	12	542	77	18	129	138	40	59	30	25	516	157	42	256	306	105	98	57	37	1058
76	NHOTHER	6	0	2	5	1	1	0	0	15	3	1	1	2	2	0	0	0	9	9	1	3	7	3	1	0	0	24
76	MULTI	28	8	14	25	12	9	2	4	102	21	10	27	15	5	4	11	2	95	49	18	41	40	17	13	13	6	197
76	Total	780	421	1082	1395	961	813	492	477	6421	691	401	1098	1178	746	877	623	721	6335	1471	822	2180	2573	1707	1690	1115	1198	12756
77	HISP	707	657	1041	1051	750	457	234	164	5061	691	612	851	755	481	363	274	230	4257	1398	1269	1892	1806	1231	820	508	394	9318
77	NHW	815	782	3015	3339	3147	2090	1318	1248	15754	779	1097	3321	2754	1908	1747	1518	2011	15135	1594	1879	6336	6093	5055	3837	2836	3259	30889
77	NHB	344	308	710	751	811	795	352	158	4229	313	334	743	565	637	692	395	196	3875	657	642	1453	1316	1448	1487	747	354	8104
77	NHAM	1	2	7	11	10	13	3	3	50	3	7	3	7	7	6	9	6	48	4	9	10	18	17	19	12	9	98
77	NHAS	222	259	726	643	443	352	277	246	3168	231	280	818	572	411	404	343	355	3414	453	539	1544	1215	854	756	620	601	6582
77	NHOTHER	17	10	11	15	7	3	2	1	66	17	7	21	13	8	1	6	1	74	34	17	32	28	15	4	8	2	140
77	MULTI	130	60	159	130	94	63	37	28	701	101	89	169	120	77	49	34	37	676	231	149	328	250	171	112	71	65	1377
77	Total	2236	2078	5671	5941	5263	3773	2223	1849	29034	2136	2426	5928	4787	3531	3262	2579	2838	27487	4372	4504	11599	10728	8794	7035	4802	4687	56521
0	HISP	74717	68086	72835	69643	50936	34839	17465	10894	399415	72296	65573	65360	62980	46119	33721	18983	14415	379447	147013	133659	138195	132623	97055	68560	36448	25309	778862
0	NHW	33409	26479	94141	85211	61329	53747	36771	31403	422490	32342	26818	102495	76901	52171	52527	39524	49449	432227	65751	53297	196636	162112	113500	106274	76295	80852	854717
0	NHB	58496	70849	55551	47547	52481	51733	31952	26894	395503	57763	70830	65219	60858	63971	65553	44810	47779	476783	116259	141679	120770	108405	116452	117286	76762	74673	872286
0	NHAM	256	238	329	294	293	279	139	114	1942	239	267	340	317	316	331	189	156	2155	495	505	669	611	609	610	328	270	4097
0	NHAS	6696	6298	16498	14682	8618	7279	5190	4131	69392	6640	6090	17609	15109	9205	8440	6435	5983	75511	13336	12388	34107	29791	17823	15719	11625	10114	144903
0	NHOTHER	451	262	460	367	214	156	73	49	2032	385	299	511	369	257	180	116	78	2195	836	561	971	736	471	336	189	127	4227
0	MULTI	4179	2558	3432	2683	1683	1218	690	553	16996	4052	2688	4240	2860	1808	1428	941	936	18953	8231	5246	7672	5543	3491	2646	1631	1489	35949
